
Diurnal_SURFACE_DELTA  = 1.70303e-08
Diurnal_OMEGA          = 2.04854e-05
Diurnal_FORCING_PERIOD = 306716
Diurnal_MU_TWIDDLE     = 3.48872e+09 + 59.414j
Diurnal_LAMBDA_TWIDDLE = 6.77222e+09 + -39.6094j
Diurnal_LOVE_H2        = (1.179823068230935-3.723418974923417e-05j)
Diurnal_LOVE_K2        = (0.23334619358942366-7.3543569845544365e-06j)
Diurnal_LOVE_L2        = (0.28998138768011533-2.735945540324066e-05j)

